tweet_id
892421000000000000
892177000000000000
891815000000000000
891690000000000000
891328000000000000
891088000000000000
890972000000000000
890729000000000000
890609000000000000
890240000000000000
890007000000000000
889881000000000000
889665000000000000
889639000000000000
889531000000000000
889279000000000000
888917000000000000
888805000000000000
888555000000000000
888203000000000000
888078000000000000
887705000000000000
887517000000000000
887474000000000000
887343000000000000
887101000000000000
886983000000000000
886737000000000000
886680000000000000
886366000000000000
886267000000000000
886258000000000000
886054000000000000
885985000000000000
885529000000000000
885519000000000000
885312000000000000
885168000000000000
884926000000000000
884877000000000000
884563000000000000
884442000000000000
884248000000000000
884163000000000000
883838000000000000
883483000000000000
883361000000000000
883118000000000000
882992000000000000
882763000000000000
882627000000000000
882268000000000000
882046000000000000
881907000000000000
881667000000000000
881633000000000000
881536000000000000
881268000000000000
880936000000000000
880872000000000000
880466000000000000
880221000000000000
880096000000000000
879862000000000000
879674000000000000
879492000000000000
879416000000000000
879376000000000000
879131000000000000
879051000000000000
879008000000000000
878776000000000000
878605000000000000
878405000000000000
878316000000000000
878282000000000000
878058000000000000
877736000000000000
877611000000000000
877556000000000000
877317000000000000
877202000000000000
876838000000000000
876538000000000000
876484000000000000
876120000000000000
875748000000000000
875144000000000000
875097000000000000
875021000000000000
874680000000000000
874435000000000000
874297000000000000
874058000000000000
874013000000000000
873698000000000000
873580000000000000
873338000000000000
873214000000000000
872967000000000000
872821000000000000
872669000000000000
872621000000000000
872487000000000000
872262000000000000
872123000000000000
871880000000000000
871763000000000000
871516000000000000
871166000000000000
871103000000000000
871033000000000000
870804000000000000
870726000000000000
870656000000000000
870374000000000000
870309000000000000
870063000000000000
869989000000000000
869772000000000000
869703000000000000
869597000000000000
869228000000000000
868880000000000000
868639000000000000
868622000000000000
868552000000000000
867900000000000000
867775000000000000
867421000000000000
867073000000000000
867052000000000000
866816000000000000
866721000000000000
866687000000000000
866451000000000000
866335000000000000
866095000000000000
865718000000000000
865359000000000000
865007000000000000
864873000000000000
864280000000000000
864197000000000000
863907000000000000
863553000000000000
863472000000000000
863432000000000000
863428000000000000
863080000000000000
863062000000000000
862831000000000000
862723000000000000
862458000000000000
862097000000000000
861770000000000000
861384000000000000
861289000000000000
861005000000000000
860982000000000000
860924000000000000
860564000000000000
860525000000000000
860277000000000000
860185000000000000
860178000000000000
859925000000000000
859852000000000000
859608000000000000
859197000000000000
859075000000000000
858860000000000000
858844000000000000
858472000000000000
858108000000000000
857990000000000000
857746000000000000
857393000000000000
857263000000000000
857215000000000000
857062000000000000
857030000000000000
856603000000000000
856544000000000000
856527000000000000
856331000000000000
856288000000000000
856282000000000000
855863000000000000
855860000000000000
855858000000000000
855851000000000000
855818000000000000
855459000000000000
855245000000000000
855138000000000000
854733000000000000
854482000000000000
854365000000000000
854120000000000000
854010000000000000
853761000000000000
853639000000000000
853300000000000000
852936000000000000
852912000000000000
852673000000000000
852553000000000000
852311000000000000
852226000000000000
852190000000000000
851954000000000000
851861000000000000
851592000000000000
851465000000000000
851225000000000000
850754000000000000
850380000000000000
850334000000000000
850146000000000000
850020000000000000
849777000000000000
849668000000000000
849412000000000000
849337000000000000
849052000000000000
848691000000000000
848325000000000000
848214000000000000
848212000000000000
847979000000000000
847972000000000000
847963000000000000
847843000000000000
847617000000000000
847606000000000000
847251000000000000
847157000000000000
847116000000000000
846875000000000000
846514000000000000
846506000000000000
846154000000000000
846140000000000000
846043000000000000
845812000000000000
845678000000000000
845459000000000000
845397000000000000
845307000000000000
845098000000000000
844980000000000000
844974000000000000
844705000000000000
844581000000000000
844224000000000000
843981000000000000
843857000000000000
843604000000000000
843236000000000000
842892000000000000
842846000000000000
842765000000000000
842536000000000000
842164000000000000
842115000000000000
841834000000000000
841681000000000000
841440000000000000
841320000000000000
841315000000000000
841077000000000000
840761000000000000
840729000000000000
840699000000000000
840697000000000000
840632000000000000
840371000000000000
840268000000000000
839990000000000000
839549000000000000
839291000000000000
839240000000000000
838953000000000000
838922000000000000
838916000000000000
838832000000000000
838561000000000000
838476000000000000
838202000000000000
838150000000000000
838086000000000000
838084000000000000
837820000000000000
837482000000000000
837471000000000000
837366000000000000
837110000000000000
837013000000000000
836990000000000000
836754000000000000
836678000000000000
836649000000000000
836398000000000000
836380000000000000
836260000000000000
836001000000000000
835685000000000000
835575000000000000
835536000000000000
835309000000000000
835298000000000000
835264000000000000
835246000000000000
835173000000000000
835152000000000000
834932000000000000
834786000000000000
834574000000000000
834478000000000000
834458000000000000
834210000000000000
834167000000000000
834090000000000000
834086000000000000
833863000000000000
833826000000000000
833732000000000000
833723000000000000
833480000000000000
833125000000000000
832998000000000000
832769000000000000
832757000000000000
832682000000000000
832646000000000000
832636000000000000
832398000000000000
832370000000000000
832273000000000000
832216000000000000
832216000000000000
832089000000000000
832040000000000000
832033000000000000
831940000000000000
831927000000000000
831912000000000000
831670000000000000
831650000000000000
831553000000000000
831323000000000000
831316000000000000
831309000000000000
831263000000000000
830956000000000000
830583000000000000
830173000000000000
830097000000000000
829879000000000000
829861000000000000
829502000000000000
829450000000000000
829374000000000000
829142000000000000
829012000000000000
828802000000000000
828770000000000000
828709000000000000
828650000000000000
828410000000000000
828409000000000000
828382000000000000
828377000000000000
828373000000000000
828362000000000000
828047000000000000
828012000000000000
827933000000000000
827654000000000000
827601000000000000
827325000000000000
827228000000000000
827200000000000000
826959000000000000
826849000000000000
826615000000000000
826599000000000000
826598000000000000
826477000000000000
826240000000000000
826205000000000000
826115000000000000
825877000000000000
825830000000000000
825535000000000000
825148000000000000
825120000000000000
825027000000000000
824796000000000000
824775000000000000
824664000000000000
824326000000000000
824297000000000000
824025000000000000
823940000000000000
823719000000000000
823699000000000000
823581000000000000
823333000000000000
823323000000000000
823270000000000000
822975000000000000
822873000000000000
822859000000000000
822647000000000000
822610000000000000
822489000000000000
822463000000000000
822245000000000000
822163000000000000
821886000000000000
821814000000000000
821766000000000000
821523000000000000
821421000000000000
821407000000000000
821153000000000000
821150000000000000
821108000000000000
821045000000000000
820837000000000000
820750000000000000
820690000000000000
820495000000000000
820447000000000000
820315000000000000
820079000000000000
820014000000000000
819952000000000000
819924000000000000
819711000000000000
819588000000000000
819347000000000000
819238000000000000
819228000000000000
819015000000000000
819015000000000000
819006000000000000
819005000000000000
818646000000000000
818627000000000000
818614000000000000
818589000000000000
818536000000000000
818308000000000000
818259000000000000
818145000000000000
817909000000000000
817828000000000000
817778000000000000
817536000000000000
817502000000000000
817424000000000000
817416000000000000
817182000000000000
817171000000000000
817121000000000000
817057000000000000
816829000000000000
816817000000000000
816698000000000000
816451000000000000
816337000000000000
816092000000000000
816062000000000000
816014000000000000
815991000000000000
815966000000000000
815746000000000000
815736000000000000
815639000000000000
815390000000000000
814986000000000000
814639000000000000
814578000000000000
814530000000000000
814153000000000000
813945000000000000
813910000000000000
813813000000000000
813801000000000000
813218000000000000
813203000000000000
813188000000000000
813172000000000000
813157000000000000
813142000000000000
813130000000000000
813127000000000000
813112000000000000
813097000000000000
813082000000000000
813067000000000000
813052000000000000
812781000000000000
812748000000000000
812709000000000000
812503000000000000
812467000000000000
812372000000000000
811986000000000000
811744000000000000
811648000000000000
811627000000000000
811387000000000000
810985000000000000
810896000000000000
810658000000000000
810284000000000000
810254000000000000
809921000000000000
809809000000000000
809449000000000000
809220000000000000
809085000000000000
808838000000000000
808734000000000000
808502000000000000
808345000000000000
808135000000000000
808106000000000000
808001000000000000
807621000000000000
807107000000000000
807059000000000000
807010000000000000
806629000000000000
806621000000000000
806576000000000000
806542000000000000
806243000000000000
806219000000000000
805959000000000000
805933000000000000
805827000000000000
805823000000000000
805521000000000000
805487000000000000
805208000000000000
804739000000000000
804476000000000000
804414000000000000
804026000000000000
803773000000000000
803692000000000000
803638000000000000
803381000000000000
803322000000000000
803277000000000000
802952000000000000
802625000000000000
802600000000000000
802573000000000000
802324000000000000
802265000000000000
802247000000000000
802239000000000000
802186000000000000
801958000000000000
801855000000000000
801538000000000000
801285000000000000
801168000000000000
801127000000000000
801115000000000000
800859000000000000
800856000000000000
800752000000000000
800513000000000000
800459000000000000
800444000000000000
800388000000000000
800189000000000000
800141000000000000
800018000000000000
799774000000000000
799758000000000000
799423000000000000
799309000000000000
799297000000000000
799063000000000000
798934000000000000
798926000000000000
798706000000000000
798702000000000000
798698000000000000
798695000000000000
798687000000000000
798683000000000000
798673000000000000
798665000000000000
798644000000000000
798629000000000000
798585000000000000
798577000000000000
798341000000000000
798210000000000000
797972000000000000
797545000000000000
797237000000000000
797166000000000000
796904000000000000
796866000000000000
796760000000000000
796563000000000000
796485000000000000
796387000000000000
796178000000000000
796150000000000000
796126000000000000
796116000000000000
796080000000000000
796031000000000000
795464000000000000
795400000000000000
795077000000000000
794984000000000000
794927000000000000
794356000000000000
794332000000000000
794205000000000000
793962000000000000
793845000000000000
793614000000000000
793602000000000000
793501000000000000
793286000000000000
793271000000000000
793256000000000000
793241000000000000
793226000000000000
793211000000000000
793196000000000000
793181000000000000
793166000000000000
793151000000000000
793135000000000000
793120000000000000
792913000000000000
792884000000000000
792774000000000000
792395000000000000
792050000000000000
791821000000000000
791784000000000000
791781000000000000
791775000000000000
791672000000000000
791407000000000000
791312000000000000
791026000000000000
790987000000000000
790946000000000000
790723000000000000
790699000000000000
790582000000000000
790338000000000000
790277000000000000
790228000000000000
789986000000000000
789960000000000000
789904000000000000
789629000000000000
789599000000000000
789531000000000000
789314000000000000
789281000000000000
789268000000000000
789138000000000000
788908000000000000
788766000000000000
788553000000000000
788412000000000000
788178000000000000
788151000000000000
788070000000000000
788040000000000000
787811000000000000
787718000000000000
787398000000000000
787322000000000000
787112000000000000
786963000000000000
786730000000000000
786709000000000000
786665000000000000
786596000000000000
786363000000000000
786286000000000000
786234000000000000
786051000000000000
786037000000000000
785928000000000000
785873000000000000
785640000000000000
785533000000000000
785515000000000000
785265000000000000
785171000000000000
784826000000000000
784518000000000000
784431000000000000
784183000000000000
784058000000000000
783840000000000000
783821000000000000
783695000000000000
783467000000000000
783392000000000000
783348000000000000
783335000000000000
783086000000000000
782969000000000000
782747000000000000
782723000000000000
782599000000000000
782306000000000000
782022000000000000
781955000000000000
781662000000000000
781655000000000000
781525000000000000
781308000000000000
781251000000000000
781163000000000000
780932000000000000
780858000000000000
780801000000000000
780601000000000000
780544000000000000
780496000000000000
780477000000000000
780459000000000000
780192000000000000
780092000000000000
780074000000000000
779834000000000000
779378000000000000
779124000000000000
779123000000000000
779056000000000000
778991000000000000
778774000000000000
778765000000000000
778749000000000000
778651000000000000
778625000000000000
778408000000000000
778397000000000000
778383000000000000
778287000000000000
778039000000000000
778027000000000000
777953000000000000
777885000000000000
777684000000000000
777642000000000000
777622000000000000
777190000000000000
776819000000000000
776813000000000000
776478000000000000
776250000000000000
776218000000000000
776202000000000000
776113000000000000
776088000000000000
775899000000000000
775843000000000000
775733000000000000
775729000000000000
775365000000000000
775351000000000000
775097000000000000
775085000000000000
774758000000000000
774639000000000000
774314000000000000
773986000000000000
773922000000000000
773705000000000000
773670000000000000
773548000000000000
773337000000000000
773309000000000000
773248000000000000
773192000000000000
772877000000000000
772826000000000000
772615000000000000
772582000000000000
772193000000000000
772153000000000000
772118000000000000
772115000000000000
772103000000000000
771909000000000000
771770000000000000
771501000000000000
771381000000000000
771171000000000000
771137000000000000
771102000000000000
771014000000000000
771004000000000000
770788000000000000
770773000000000000
770744000000000000
770655000000000000
770414000000000000
770294000000000000
770094000000000000
770069000000000000
769940000000000000
769695000000000000
769336000000000000
769212000000000000
768971000000000000
768910000000000000
768855000000000000
768610000000000000
768596000000000000
768554000000000000
768474000000000000
768193000000000000
767884000000000000
767755000000000000
767501000000000000
767191000000000000
767122000000000000
766864000000000000
766793000000000000
766715000000000000
766693000000000000
766423000000000000
766313000000000000
766078000000000000
766069000000000000
766009000000000000
765720000000000000
765670000000000000
765396000000000000
765371000000000000
765222000000000000
764857000000000000
764260000000000000
763957000000000000
763838000000000000
763184000000000000
763167000000000000
763103000000000000
762700000000000000
762472000000000000
762465000000000000
762316000000000000
762036000000000000
761977000000000000
761751000000000000
761745000000000000
761673000000000000
761600000000000000
761371000000000000
761334000000000000
761293000000000000
761227000000000000
761005000000000000
760894000000000000
760657000000000000
760641000000000000
760539000000000000
760522000000000000
760290000000000000
760253000000000000
760190000000000000
760154000000000000
759943000000000000
759924000000000000
759846000000000000
759793000000000000
759567000000000000
759557000000000000
759448000000000000
759446000000000000
759197000000000000
759160000000000000
759100000000000000
759048000000000000
758855000000000000
758829000000000000
758740000000000000
758475000000000000
758467000000000000
758406000000000000
758355000000000000
758100000000000000
758041000000000000
757742000000000000
757729000000000000
757726000000000000
757612000000000000
757598000000000000
757596000000000000
757400000000000000
757393000000000000
757355000000000000
756998000000000000
756939000000000000
756652000000000000
756526000000000000
756303000000000000
756289000000000000
756276000000000000
755956000000000000
755207000000000000
755111000000000000
754875000000000000
754857000000000000
754747000000000000
754482000000000000
754450000000000000
754120000000000000
754012000000000000
753656000000000000
753421000000000000
753398000000000000
753376000000000000
753299000000000000
753294000000000000
753040000000000000
753027000000000000
752932000000000000
752917000000000000
752702000000000000
752682000000000000
752661000000000000
752568000000000000
752520000000000000
752335000000000000
752309000000000000
752173000000000000
751950000000000000
751937000000000000
751830000000000000
751794000000000000
751598000000000000
751584000000000000
751539000000000000
751457000000000000
751251000000000000
751205000000000000
751133000000000000
750869000000000000
750720000000000000
750506000000000000
750429000000000000
750383000000000000
750382000000000000
750147000000000000
750132000000000000
750117000000000000
750102000000000000
750087000000000000
750072000000000000
750057000000000000
750042000000000000
750027000000000000
750011000000000000
749996000000000000
749981000000000000
749774000000000000
749418000000000000
749403000000000000
749396000000000000
749317000000000000
749075000000000000
749064000000000000
749037000000000000
748977000000000000
748933000000000000
748706000000000000
748699000000000000
748693000000000000
748576000000000000
748569000000000000
748347000000000000
748338000000000000
748324000000000000
748307000000000000
748221000000000000
747964000000000000
747933000000000000
747886000000000000
747844000000000000
747817000000000000
747651000000000000
747649000000000000
747601000000000000
747594000000000000
747513000000000000
747462000000000000
747439000000000000
747242000000000000
747220000000000000
747204000000000000
747103000000000000
746906000000000000
746873000000000000
746819000000000000
746791000000000000
746758000000000000
746727000000000000
746543000000000000
746521000000000000
746507000000000000
746369000000000000
746132000000000000
746057000000000000
745790000000000000
745713000000000000
745434000000000000
745423000000000000
745315000000000000
745075000000000000
745057000000000000
744996000000000000
744971000000000000
744710000000000000
744335000000000000
744235000000000000
744223000000000000
743980000000000000
743896000000000000
743836000000000000
743609000000000000
743595000000000000
743546000000000000
743510000000000000
743253000000000000
743223000000000000
743211000000000000
742534000000000000
742528000000000000
742466000000000000
742423000000000000
742386000000000000
742161000000000000
742150000000000000
741793000000000000
741744000000000000
741438000000000000
741304000000000000
741100000000000000
741067000000000000
740995000000000000
740712000000000000
740700000000000000
740677000000000000
740373000000000000
740365000000000000
740359000000000000
740214000000000000
739979000000000000
739933000000000000
739844000000000000
739624000000000000
739606000000000000
739544000000000000
739486000000000000
739238000000000000
738891000000000000
738885000000000000
738883000000000000
738538000000000000
738402000000000000
738184000000000000
738166000000000000
738156000000000000
737826000000000000
737800000000000000
737679000000000000
737446000000000000
737323000000000000
737311000000000000
736736000000000000
736393000000000000
736366000000000000
736225000000000000
736011000000000000
735992000000000000
735649000000000000
735635000000000000
735275000000000000
735256000000000000
735137000000000000
734912000000000000
734788000000000000
734776000000000000
734560000000000000
733828000000000000
733822000000000000
733482000000000000
733460000000000000
733109000000000000
732732000000000000
732726000000000000
732586000000000000
732375000000000000
732006000000000000
731285000000000000
731156000000000000
730925000000000000
730573000000000000
730427000000000000
730212000000000000
730197000000000000
729855000000000000
729839000000000000
729824000000000000
729464000000000000
729114000000000000
728986000000000000
728761000000000000
728751000000000000
728654000000000000
728410000000000000
728387000000000000
728047000000000000
728035000000000000
728016000000000000
727686000000000000
727645000000000000
727525000000000000
727314000000000000
727286000000000000
727175000000000000
727156000000000000
726935000000000000
726887000000000000
726828000000000000
726225000000000000
725842000000000000
725787000000000000
725729000000000000
725459000000000000
724984000000000000
724772000000000000
724406000000000000
724050000000000000
724046000000000000
724005000000000000
723913000000000000
723688000000000000
723673000000000000
723180000000000000
722975000000000000
722613000000000000
721503000000000000
721001000000000000
720785000000000000
720775000000000000
720415000000000000
720390000000000000
720341000000000000
720059000000000000
720043000000000000
719991000000000000
719704000000000000
719551000000000000
719368000000000000
719339000000000000
719333000000000000
718972000000000000
718939000000000000
718631000000000000
718613000000000000
718541000000000000
718460000000000000
718455000000000000
718247000000000000
718235000000000000
717842000000000000
717790000000000000
717538000000000000
717429000000000000
717422000000000000
717047000000000000
717009000000000000
716803000000000000
716791000000000000
716730000000000000
716447000000000000
716439000000000000
716286000000000000
716081000000000000
715928000000000000
715758000000000000
715733000000000000
715705000000000000
715697000000000000
715681000000000000
715360000000000000
715342000000000000
715220000000000000
715201000000000000
715010000000000000
714982000000000000
714963000000000000
714958000000000000
714632000000000000
714606000000000000
714485000000000000
714258000000000000
714252000000000000
714214000000000000
714141000000000000
713919000000000000
713910000000000000
713901000000000000
713761000000000000
713411000000000000
713178000000000000
713176000000000000
712809000000000000
712718000000000000
712669000000000000
712438000000000000
712309000000000000
712097000000000000
712093000000000000
712086000000000000
712065000000000000
711999000000000000
711968000000000000
711744000000000000
711733000000000000
711695000000000000
711653000000000000
711364000000000000
711307000000000000
711008000000000000
710997000000000000
710845000000000000
710833000000000000
710659000000000000
710610000000000000
710589000000000000
710297000000000000
710283000000000000
710272000000000000
710269000000000000
710153000000000000
710141000000000000
710117000000000000
709919000000000000
709901000000000000
709853000000000000
709566000000000000
709557000000000000
709519000000000000
709450000000000000
709409000000000000
709225000000000000
709207000000000000
709198000000000000
709180000000000000
709158000000000000
709042000000000000
708853000000000000
708846000000000000
708834000000000000
708811000000000000
708738000000000000
708711000000000000
708480000000000000
708470000000000000
708401000000000000
708356000000000000
708349000000000000
708149000000000000
708131000000000000
708119000000000000
708109000000000000
708026000000000000
707996000000000000
707983000000000000
707970000000000000
707777000000000000
707742000000000000
707739000000000000
707694000000000000
707630000000000000
707611000000000000
707421000000000000
707412000000000000
707388000000000000
707377000000000000
707316000000000000
707297000000000000
707060000000000000
707038000000000000
707021000000000000
707014000000000000
706905000000000000
706902000000000000
706682000000000000
706645000000000000
706593000000000000
706538000000000000
706517000000000000
706346000000000000
706310000000000000
706291000000000000
706266000000000000
706169000000000000
706166000000000000
706153000000000000
705975000000000000
705970000000000000
705899000000000000
705787000000000000
705592000000000000
705476000000000000
705443000000000000
705428000000000000
705239000000000000
705223000000000000
705102000000000000
705066000000000000
704871000000000000
704860000000000000
704848000000000000
704820000000000000
704761000000000000
704500000000000000
704491000000000000
704480000000000000
704365000000000000
704347000000000000
704134000000000000
704113000000000000
704055000000000000
703774000000000000
703769000000000000
703632000000000000
703611000000000000
703425000000000000
703407000000000000
703383000000000000
703356000000000000
703269000000000000
703079000000000000
703042000000000000
702932000000000000
702899000000000000
702685000000000000
702671000000000000
702598000000000000
702540000000000000
702333000000000000
702321000000000000
702277000000000000
702217000000000000
701981000000000000
701953000000000000
701889000000000000
701806000000000000
701602000000000000
701570000000000000
701545000000000000
701215000000000000
700890000000000000
700864000000000000
700848000000000000
700797000000000000
700748000000000000
700518000000000000
700505000000000000
700462000000000000
700168000000000000
700151000000000000
700144000000000000
700063000000000000
700029000000000000
700002000000000000
699802000000000000
699789000000000000
699780000000000000
699776000000000000
699692000000000000
699447000000000000
699435000000000000
699424000000000000
699414000000000000
699371000000000000
699323000000000000
699089000000000000
699080000000000000
699072000000000000
699060000000000000
699037000000000000
698989000000000000
698954000000000000
698908000000000000
698711000000000000
698703000000000000
698635000000000000
698550000000000000
698356000000000000
698342000000000000
698263000000000000
698195000000000000
698179000000000000
697996000000000000
697990000000000000
697943000000000000
697881000000000000
697630000000000000
697617000000000000
697596000000000000
697575000000000000
697516000000000000
697483000000000000
697463000000000000
697270000000000000
697259000000000000
697255000000000000
697242000000000000
696900000000000000
696895000000000000
696886000000000000
696878000000000000
696755000000000000
696745000000000000
696714000000000000
696518000000000000
696491000000000000
696489000000000000
696406000000000000
696101000000000000
695817000000000000
695795000000000000
695768000000000000
695630000000000000
695446000000000000
695409000000000000
695315000000000000
695095000000000000
695074000000000000
695064000000000000
695051000000000000
694926000000000000
694906000000000000
694670000000000000
694357000000000000
694353000000000000
694342000000000000
694330000000000000
694207000000000000
694183000000000000
694002000000000000
693993000000000000
693942000000000000
693648000000000000
693644000000000000
693642000000000000
693630000000000000
693623000000000000
693591000000000000
693582000000000000
693487000000000000
693281000000000000
693267000000000000
693263000000000000
693232000000000000
693156000000000000
693109000000000000
693095000000000000
692919000000000000
692906000000000000
692902000000000000
692894000000000000
692828000000000000
692752000000000000
692569000000000000
692535000000000000
692531000000000000
692423000000000000
692417000000000000
692187000000000000
692158000000000000
692143000000000000
692042000000000000
692017000000000000
691820000000000000
691793000000000000
691757000000000000
691676000000000000
691483000000000000
691460000000000000
691445000000000000
691417000000000000
691322000000000000
691097000000000000
691090000000000000
690989000000000000
690960000000000000
690939000000000000
690933000000000000
690736000000000000
690729000000000000
690691000000000000
690650000000000000
690607000000000000
690597000000000000
690400000000000000
690374000000000000
690360000000000000
690348000000000000
690249000000000000
690022000000000000
690016000000000000
690005000000000000
689999000000000000
689993000000000000
689978000000000000
689905000000000000
689878000000000000
689836000000000000
689662000000000000
689659000000000000
689624000000000000
689599000000000000
689558000000000000
689517000000000000
689289000000000000
689284000000000000
689281000000000000
689275000000000000
689256000000000000
689154000000000000
689143000000000000
688916000000000000
688909000000000000
688898000000000000
688894000000000000
688829000000000000
688805000000000000
688790000000000000
688547000000000000
688519000000000000
688385000000000000
688212000000000000
688179000000000000
688117000000000000
688064000000000000
687841000000000000
687827000000000000
687819000000000000
687808000000000000
687732000000000000
687704000000000000
687665000000000000
687495000000000000
687481000000000000
687476000000000000
687461000000000000
687399000000000000
687317000000000000
687312000000000000
687128000000000000
687124000000000000
687110000000000000
687103000000000000
687096000000000000
686947000000000000
686760000000000000
686749000000000000
686731000000000000
686683000000000000
686618000000000000
686606000000000000
686394000000000000
686387000000000000
686377000000000000
686358000000000000
686287000000000000
686050000000000000
686036000000000000
686034000000000000
686008000000000000
686003000000000000
685973000000000000
685944000000000000
685907000000000000
685681000000000000
685667000000000000
685663000000000000
685642000000000000
685548000000000000
685532000000000000
685325000000000000
685322000000000000
685315000000000000
685307000000000000
685269000000000000
685199000000000000
685169000000000000
684970000000000000
684960000000000000
684940000000000000
684927000000000000
684915000000000000
684902000000000000
684881000000000000
684831000000000000
684800000000000000
684595000000000000
684588000000000000
684568000000000000
684538000000000000
684481000000000000
684460000000000000
684242000000000000
684226000000000000
684223000000000000
684200000000000000
684195000000000000
684189000000000000
684178000000000000
684148000000000000
684123000000000000
684098000000000000
683858000000000000
683853000000000000
683850000000000000
683835000000000000
683829000000000000
683773000000000000
683743000000000000
683516000000000000
683498000000000000
683481000000000000
683463000000000000
683450000000000000
683392000000000000
683358000000000000
683143000000000000
683111000000000000
683099000000000000
683079000000000000
683030000000000000
682962000000000000
682809000000000000
682788000000000000
682751000000000000
682697000000000000
682662000000000000
682639000000000000
682429000000000000
682407000000000000
682394000000000000
682389000000000000
682304000000000000
682260000000000000
682243000000000000
682088000000000000
682060000000000000
682047000000000000
682032000000000000
682003000000000000
681981000000000000
681891000000000000
681694000000000000
681680000000000000
681654000000000000
681611000000000000
681580000000000000
681523000000000000
681341000000000000
681339000000000000
681320000000000000
681302000000000000
681297000000000000
681282000000000000
681262000000000000
681242000000000000
681231000000000000
681193000000000000
680971000000000000
680959000000000000
680940000000000000
680935000000000000
680913000000000000
680890000000000000
680836000000000000
680806000000000000
680802000000000000
680798000000000000
680609000000000000
680584000000000000
680498000000000000
680495000000000000
680473000000000000
680440000000000000
680221000000000000
680207000000000000
680191000000000000
680176000000000000
680161000000000000
680146000000000000
680131000000000000
680116000000000000
680101000000000000
680086000000000000
680071000000000000
680055000000000000
679877000000000000
679873000000000000
679862000000000000
679855000000000000
679844000000000000
679828000000000000
679778000000000000
679736000000000000
679730000000000000
679722000000000000
679530000000000000
679528000000000000
679511000000000000
679503000000000000
679476000000000000
679463000000000000
679406000000000000
679158000000000000
679149000000000000
679132000000000000
679111000000000000
679063000000000000
679047000000000000
679001000000000000
678992000000000000
678969000000000000
678800000000000000
678798000000000000
678775000000000000
678767000000000000
678765000000000000
678755000000000000
678740000000000000
678708000000000000
678676000000000000
678643000000000000
678446000000000000
678424000000000000
678410000000000000
678400000000000000
678397000000000000
678389000000000000
678380000000000000
678341000000000000
678334000000000000
678279000000000000
678255000000000000
678023000000000000
678021000000000000
677962000000000000
677919000000000000
677895000000000000
677717000000000000
677700000000000000
677698000000000000
677688000000000000
677674000000000000
677662000000000000
677644000000000000
677574000000000000
677566000000000000
677558000000000000
677548000000000000
677530000000000000
677336000000000000
677335000000000000
677332000000000000
677329000000000000
677315000000000000
677301000000000000
677269000000000000
677229000000000000
677187000000000000
676976000000000000
676958000000000000
676950000000000000
676948000000000000
676947000000000000
676942000000000000
676937000000000000
676917000000000000
676898000000000000
676865000000000000
676822000000000000
676820000000000000
676812000000000000
676776000000000000
676618000000000000
676614000000000000
676607000000000000
676603000000000000
676593000000000000
676591000000000000
676588000000000000
676583000000000000
676576000000000000
676534000000000000
676496000000000000
676471000000000000
676440000000000000
676431000000000000
676264000000000000
676237000000000000
676220000000000000
676216000000000000
676192000000000000
676146000000000000
676122000000000000
676102000000000000
676099000000000000
676089000000000000
675898000000000000
675892000000000000
675888000000000000
675878000000000000
675871000000000000
675853000000000000
675849000000000000
675846000000000000
675823000000000000
675821000000000000
675798000000000000
675782000000000000
675740000000000000
675711000000000000
675707000000000000
675707000000000000
675534000000000000
675531000000000000
675522000000000000
675518000000000000
675501000000000000
675497000000000000
675490000000000000
675483000000000000
675433000000000000
675372000000000000
675363000000000000
675354000000000000
675349000000000000
675334000000000000
675167000000000000
675153000000000000
675149000000000000
675147000000000000
675147000000000000
675145000000000000
675135000000000000
675114000000000000
675112000000000000
675109000000000000
675047000000000000
675015000000000000
675006000000000000
675003000000000000
675000000000000000
674805000000000000
674801000000000000
674793000000000000
674790000000000000
674789000000000000
674782000000000000
674774000000000000
674768000000000000
674765000000000000
674754000000000000
674752000000000000
674743000000000000
674743000000000000
674740000000000000
674737000000000000
674690000000000000
674671000000000000
674665000000000000
674646000000000000
674644000000000000
674639000000000000
674633000000000000
674607000000000000
674469000000000000
674447000000000000
674437000000000000
674422000000000000
674417000000000000
674411000000000000
674395000000000000
674372000000000000
674331000000000000
674318000000000000
674307000000000000
674292000000000000
674271000000000000
674269000000000000
674266000000000000
674263000000000000
674255000000000000
674083000000000000
674075000000000000
674063000000000000
674053000000000000
674052000000000000
674045000000000000
674043000000000000
674038000000000000
674036000000000000
674025000000000000
674019000000000000
674014000000000000
674009000000000000
673957000000000000
673919000000000000
673906000000000000
673888000000000000
673716000000000000
673716000000000000
673711000000000000
673710000000000000
673709000000000000
673707000000000000
673706000000000000
673700000000000000
673698000000000000
673690000000000000
673689000000000000
673687000000000000
673680000000000000
673663000000000000
673656000000000000
673637000000000000
673613000000000000
673583000000000000
673581000000000000
673577000000000000
673364000000000000
673360000000000000
673356000000000000
673352000000000000
673350000000000000
673346000000000000
673343000000000000
673342000000000000
673320000000000000
673318000000000000
673295000000000000
673271000000000000
673241000000000000
673213000000000000
673149000000000000
672998000000000000
672995000000000000
672989000000000000
672984000000000000
672981000000000000
672975000000000000
672970000000000000
672968000000000000
672965000000000000
672903000000000000
672898000000000000
672884000000000000
672878000000000000
672834000000000000
672828000000000000
672641000000000000
672622000000000000
672615000000000000
672609000000000000
672604000000000000
672595000000000000
672592000000000000
672591000000000000
672538000000000000
672523000000000000
672489000000000000
672483000000000000
672481000000000000
672475000000000000
672466000000000000
672272000000000000
672268000000000000
672264000000000000
672257000000000000
672254000000000000
672248000000000000
672245000000000000
672239000000000000
672231000000000000
672223000000000000
672205000000000000
672170000000000000
672160000000000000
672139000000000000
672125000000000000
672095000000000000
672082000000000000
672068000000000000
671897000000000000
671892000000000000
671882000000000000
671879000000000000
671875000000000000
671866000000000000
671856000000000000
671790000000000000
671768000000000000
671763000000000000
671745000000000000
671743000000000000
671736000000000000
671730000000000000
671561000000000000
671550000000000000
671548000000000000
671545000000000000
671543000000000000
671538000000000000
671537000000000000
671534000000000000
671529000000000000
671521000000000000
671519000000000000
671511000000000000
671505000000000000
671498000000000000
671489000000000000
671486000000000000
671485000000000000
671390000000000000
671363000000000000
671358000000000000
671356000000000000
671348000000000000
671186000000000000
671183000000000000
671167000000000000
671163000000000000
671160000000000000
671155000000000000
671151000000000000
671147000000000000
671142000000000000
671139000000000000
671134000000000000
671122000000000000
671116000000000000
671109000000000000
670996000000000000
670843000000000000
670841000000000000
670838000000000000
670834000000000000
670832000000000000
670826000000000000
670824000000000000
670823000000000000
670815000000000000
670812000000000000
670808000000000000
670805000000000000
670804000000000000
670797000000000000
670793000000000000
670789000000000000
670786000000000000
670783000000000000
670782000000000000
670781000000000000
670778000000000000
670764000000000000
670756000000000000
670733000000000000
670728000000000000
670717000000000000
670705000000000000
670692000000000000
670680000000000000
670676000000000000
670668000000000000
670474000000000000
670469000000000000
670466000000000000
670453000000000000
670449000000000000
670445000000000000
670442000000000000
670436000000000000
670434000000000000
670433000000000000
670428000000000000
670427000000000000
670422000000000000
670421000000000000
670417000000000000
670411000000000000
670409000000000000
670404000000000000
670386000000000000
670374000000000000
670362000000000000
670339000000000000
670319000000000000
670303000000000000
670290000000000000
670094000000000000
670086000000000000
670080000000000000
670074000000000000
670069000000000000
670062000000000000
670055000000000000
670047000000000000
670040000000000000
670037000000000000
670003000000000000
669993000000000000
669972000000000000
669970000000000000
669943000000000000
669926000000000000
669923000000000000
669753000000000000
669749000000000000
669685000000000000
669684000000000000
669682000000000000
669680000000000000
669662000000000000
669626000000000000
669603000000000000
669598000000000000
669584000000000000
669574000000000000
669571000000000000
669568000000000000
669564000000000000
669393000000000000
669376000000000000
669371000000000000
669368000000000000
669364000000000000
669360000000000000
669354000000000000
669353000000000000
669351000000000000
669329000000000000
669327000000000000
669325000000000000
669217000000000000
669214000000000000
669204000000000000
669037000000000000
669016000000000000
669007000000000000
669000000000000000
668995000000000000
668992000000000000
668990000000000000
668988000000000000
668986000000000000
668982000000000000
668980000000000000
668976000000000000
668968000000000000
668960000000000000
668956000000000000
668933000000000000
668903000000000000
668892000000000000
668873000000000000
668852000000000000
668826000000000000
668815000000000000
668779000000000000
668655000000000000
668646000000000000
668644000000000000
668641000000000000
668637000000000000
668633000000000000
668631000000000000
668627000000000000
668626000000000000
668623000000000000
668620000000000000
668615000000000000
668587000000000000
668568000000000000
668545000000000000
668542000000000000
668538000000000000
668529000000000000
668508000000000000
668497000000000000
668484000000000000
668480000000000000
668467000000000000
668297000000000000
668292000000000000
668286000000000000
668274000000000000
668269000000000000
668256000000000000
668248000000000000
668238000000000000
668226000000000000
668221000000000000
668205000000000000
668191000000000000
668172000000000000
668155000000000000
668142000000000000
668113000000000000
667937000000000000
667925000000000000
667915000000000000
667911000000000000
667902000000000000
667887000000000000
667885000000000000
667879000000000000
667874000000000000
667867000000000000
667861000000000000
667832000000000000
667806000000000000
667801000000000000
667793000000000000
667782000000000000
667773000000000000
667767000000000000
667728000000000000
667724000000000000
667551000000000000
667551000000000000
667549000000000000
667547000000000000
667544000000000000
667539000000000000
667535000000000000
667531000000000000
667525000000000000
667518000000000000
667509000000000000
667503000000000000
667496000000000000
667491000000000000
667471000000000000
667455000000000000
667453000000000000
667443000000000000
667437000000000000
667436000000000000
667405000000000000
667393000000000000
667369000000000000
667212000000000000
667201000000000000
667192000000000000
667189000000000000
667183000000000000
667178000000000000
667176000000000000
667175000000000000
667171000000000000
667166000000000000
667160000000000000
667152000000000000
667138000000000000
667120000000000000
667091000000000000
667074000000000000
667070000000000000
667066000000000000
667062000000000000
667044000000000000
667013000000000000
666996000000000000
666984000000000000
666837000000000000
666835000000000000
666827000000000000
666818000000000000
666804000000000000
666786000000000000
666782000000000000
666777000000000000
666739000000000000
666701000000000000
666691000000000000
666649000000000000
666645000000000000
666455000000000000
666447000000000000
666437000000000000
666436000000000000
666431000000000000
666428000000000000
666421000000000000
666419000000000000
666412000000000000
666407000000000000
666396000000000000
666374000000000000
666363000000000000
666353000000000000
666345000000000000
666338000000000000
666294000000000000
666287000000000000
666273000000000000
666269000000000000
666104000000000000
666102000000000000
666100000000000000
666094000000000000
666083000000000000
666073000000000000
666071000000000000
666064000000000000
666059000000000000
666057000000000000
666056000000000000
666052000000000000
666051000000000000
666049000000000000
666044000000000000
666033000000000000
666029000000000000
666021000000000000
